data/5yravg.2014-2018.wrt_preind_median.asc
NCOLS 72 
NROWS 36 
XLLCORNER -180 
YLLCORNER -90 
CELLSIZE 5 
NODATA_value -9999 
[rows 0 to 19 of 36, columns 0 to 44 of 72]
3.645824193954470 3.66837477684021 3.6955817937851 3.72288620471954 3.74909114837646 3.77796053886414 3.80208075046539 3.82748699188232 3.84950077533722 3.87866592407227 3.89961111545563 3.91968762874603 3.93946135044098 3.95278096199036 3.96220278739929 3.96913743019104 3.97403120994568 3.97133958339691 3.96591925621033 3.95426511764526 3.93924486637115 3.91939413547516 3.90002512931824 3.87489545345306 3.84323084354401 3.8153783082962 3.78896534442902 3.75762856006622 3.72804081439972 3.69701480865479 3.66757571697235 3.64162218570709 3.61386501789093 3.58660018444061 3.56660664081573 3.54576003551483 3.52342522144318 3.50457584857941 3.48981952667236 3.47644150257111 3.46726429462433 3.45874440670013 3.45351123809814 3.44779229164124 3.44663572311401
3.19201076030731 3.26181733608246 3.34538090229034 3.43569326400757 3.53014957904816 3.62411713600159 3.71416425704956 3.80797648429871 3.90553379058838 4.00259280204773 4.10316610336304 4.20022964477539 4.30052447319031 4.39676809310913 4.46612358093262 4.51943445205688 4.55167841911316 4.5578088760376 4.54001092910767 4.51008152961731 4.45368981361389 4.38378071784973 4.29831314086914 4.20183134078979 4.10257339477539 4.00039267539978 3.89567708969116 3.78842186927795 3.68758618831635 3.59961974620819 3.52349090576172 3.45767557621002 3.4022341966629 3.36011624336243 3.33265137672424 3.3143892288208 3.31271886825562 3.30291187763214 3.30204713344574 3.29576516151428 3.29403924942017 3.28719997406006 3.28631317615509 3.27603185176849 3.26818561553955
2.77994477748871 2.84014570713043 2.93552827835083 3.02874612808228 3.10583055019379 3.18912672996521 3.24641823768616 3.27733635902405 3.32530808448792 3.39820158481598 3.49179100990295 3.59756374359131 3.73548889160156 3.88796043395996 4.03562164306641 4.14764022827148 4.23560929298401 4.29307508468628 4.31144094467163 4.29608392715454 4.23498153686523 4.14581823348999 4.04041481018066 3.92924308776855 3.82727074623108 3.72129809856415 3.62419927120209 3.51120781898499 3.40877294540405 3.33621835708618 3.28639829158783 3.24703526496887 3.23720896244049 3.25185883045197 3.29162693023682 3.3505631685257 3.40801656246185 3.45257008075714 3.50177657604218 3.53744971752167 3.56323134899139 3.57157301902771 3.55920219421387 3.55248880386353 3.53607308864594
2.47965788841248 2.466104388237 2.48857390880585 2.53836691379547 2.57900130748749 2.62227070331573 2.69024980068207 2.78831541538239 2.88504314422607 2.98900103569031 3.07888662815094 3.17852652072906 3.30010104179382 3.39003396034241 3.46214163303375 3.52371466159821 3.55824792385101 3.57606887817383 3.59460604190826 3.6015020608902 3.58766222000122 3.52194142341614 3.47561383247375 3.42743742465973 3.36529302597046 3.28055667877197 3.21214997768402 3.16577792167664 3.16444683074951 3.16958701610565 3.19978594779968 3.25230693817139 3.34493005275726 3.46810305118561 3.59866428375244 3.69840133190155 3.78381645679474 3.86811923980713 3.92320442199707 3.95327866077423 3.9650365114212 3.94157898426056 3.91551756858826 3.89961123466492 3.88105165958405
1.88349491357803 1.93787479400635 2.04374468326569 2.19958984851837 2.35890531539917 2.5185239315033 2.66190242767334 2.77347350120544 2.84352660179138 2.87825191020966 2.91219544410706 2.98428583145142 3.05566835403442 3.14680671691895 3.24351441860199 3.29173111915588 3.28171420097351 3.2410683631897 3.20112705230713 3.18174314498901 3.1806468963623 3.18816924095154 3.18680000305176 3.15648102760315 3.10576677322388 3.04462575912476 3.01051890850067 3.01105117797852 3.09331786632538 3.19629919528961 3.29261767864227 3.36181879043579 3.43950545787811 3.55623853206635 3.67246854305267 3.76664650440216 3.8306280374527 3.87152004241943 3.89200878143311 3.85029554367065 3.78302526473999 3.70239293575287 3.62426483631134 3.61820101737976 3.61990487575531
1.41947484016418 1.68333792686462 1.94013506174088 2.15401756763458 2.31494379043579 2.45814108848572 2.58636689186096 2.66447699069977 2.65305173397064 2.56905281543732 2.48395645618439 2.43621027469635 2.45914363861084 2.56818819046021 2.72518968582153 2.85124003887177 2.9169362783432 2.9235075712204 2.91276502609253 2.90085554122925 2.87653779983521 2.84706091880798 2.81976616382599 2.79536807537079 2.81537842750549 2.80951154232025 2.75218379497528 2.69951641559601 2.7216762304306 2.78247678279877 2.84022915363312 2.84197974205017 2.87318992614746 2.89196121692657 2.88821661472321 2.88206338882446 2.88626790046692 2.92148566246033 3.12196826934814 3.29505383968353 3.23194313049316 3.02002370357513 2.78772461414337 2.65796387195587 2.6445723772049
1.51888859272003 1.8422959446907 2.05774235725403 2.15288162231445 2.17371678352356 2.19881200790405 2.27148962020874 2.35234391689301 2.36280310153961 2.30083322525024 2.21678471565247 2.12775850296021 2.06794393062592 2.07556307315826 2.16957926750183 2.32423603534698 2.47571635246277 2.5956963300705 2.71610569953918 2.80806255340576 2.79819929599762 2.70824253559113 2.61275935173035 2.54114580154419 2.51871073246002 2.46632993221283 2.32642734050751 2.12159705162048 1.98413592576981 1.88863801956177 1.87506109476089 1.82868373394012 1.81462734937668 1.7864180803299 1.72682386636734 1.77450639009476 1.82878363132477 1.99318319559097 2.19890654087067 2.33677458763123 2.26511895656586 2.07654547691345 1.87042510509491 1.78979730606079 1.79780578613281
1.84454494714737 2.15258169174194 2.27558529376984 2.27028489112854 2.16765093803406 2.07456815242767 2.09887218475342 2.201864361763 2.2384318113327 2.22403037548065 2.20302772521973 2.14309322834015 2.05175888538361 1.98099136352539 2.02708184719086 2.16295897960663 2.32062458992004 2.5005019903183 2.69051098823547 2.81872487068176 2.82721185684204 2.72969996929169 2.57748198509216 2.45049273967743 2.35829102993011 2.2326180934906 1.99618691205978 1.69685238599777 1.38016122579575 1.17647844552994 1.10295283794403 1.13365018367767 1.19551587104797 1.17780309915543 1.18426948785782 1.23511070013046 1.23068076372147 1.30978071689606 1.48639911413193 1.61366766691208 1.61525905132294 1.56760191917419 1.54661679267883 1.53209787607193 1.56148499250412
1.98206651210785 2.26944208145142 2.36628580093384 2.3008154630661 2.13884961605072 2.00133395195007 2.01335144042969 2.12037229537964 2.15682554244995 2.1518622636795 2.17393338680267 2.1539717912674 2.02676248550415 1.89782744646072 1.87672758102417 1.95526546239853 2.0746123790741 2.24135553836823 2.44104862213135 2.54577946662903 2.55484354496002 2.47248506546021 2.33446848392487 2.1894166469574 2.08577442169189 1.94502186775208 1.69228607416153 1.42602461576462 1.12031304836273 0.841739654541016 0.752469182014465 0.80537748336792 0.877036660909653 0.929065823554993 0.941401988267899 0.985106468200684 0.865434408187866 0.784916311502457 0.788408130407333 0.897228330373764 1.08869111537933 1.23169732093811 1.34972834587097 1.43149280548096 1.50455266237259
1.75976175069809 1.82079261541367 1.86258566379547 1.82048177719116 1.69043201208115 1.58649402856827 1.63589400053024 1.76956087350845 1.89147245883942 1.9665841460228 2.03166615962982 2.01997983455658 1.89371067285538 1.73745065927505 1.6290488243103 1.61064314842224 1.57199555635452 1.59980523586273 1.8114058971405 1.93494874238968 2.09879744052887 2.11915278434753 2.02326452732086 1.97405230998993 1.9057292342186 1.66652888059616 1.39231914281845 1.28843867778778 1.13288396596909 0.857328712940216 0.71746239066124 0.76003035902977 0.688811898231506 0.723150283098221 0.736754983663559 0.677237510681152 0.666095048189163 0.616683006286621 0.420400053262711 0.493457019329071 0.68364554643631 0.841464340686798 1.06580024957657 1.23802274465561 1.3092924952507
1.39909172058105 1.35700809955597 1.32111299037933 1.22873479127884 1.15704756975174 1.22961819171906 1.46128785610199 1.70893269777298 1.82797902822495 1.88735300302505 1.95121943950653 1.97568690776825 1.79942202568054 1.5336229801178 1.31587713956833 1.30764484405518 1.35463094711304 1.33399629592896 1.49273067712784 1.55053466558456 1.61448222398758 1.63022512197495 1.69385492801666 1.76254945993423 1.7370297908783 1.50749552249908 1.32007187604904 1.34943175315857 1.22965103387833 1.00829041004181 0.877229988574982 0.885707378387451 0.816070199012756 0.759237259626389 0.835355162620544 0.824629306793213 0.798143953084946 0.731644511222839 0.562785059213638 0.470527574419975 0.438817709684372 0.557504147291183 0.757824599742889 0.941903382539749 1.072678565979
1.55798363685608 1.52789157629013 1.4038006067276 1.25100028514862 1.15746468305588 1.24063044786453 1.52797472476959 1.8376636505127 1.97688925266266 1.97763687372208 1.94504314661026 1.90982073545456 1.81649559736252 1.53327459096909 1.20867276191711 1.31011885404587 1.51107841730118 1.43200349807739 1.3786495923996 1.2456157207489 1.20092338323593 1.30700862407684 1.47720754146576 1.6574735045433 1.64824569225311 1.42550426721573 1.30393081903458 1.28242403268814 1.15017133951187 1.01061135530472 0.962182074785233 1.02511817216873 0.942701786756516 0.965241491794586 1.10965269804001 1.02109092473984 0.896846503019333 0.813233911991119 0.716807216405869 0.520278334617615 0.541778773069382 0.684488028287888 0.845573157072067 0.911986619234085 1.00107783079147
1.73986023664474 1.70021283626556 1.70664584636688 1.79738825559616 1.75062173604965 1.74639815092087 1.84668350219727 1.88182401657104 1.94019788503647 1.79945999383926 1.618184030056 1.48628884553909 1.4807825088501 1.40711444616318 1.30864727497101 1.27290469408035 1.27022951841354 1.17462277412415 1.07257986068726 0.969372928142548 0.962402135133743 1.03203254938126 1.25979429483414 1.53344517946243 1.53784281015396 1.32468581199646 1.14500015974045 1.04086863994598 0.940640956163406 0.886262595653534 0.893474638462067 0.963456958532333 0.970130532979965 0.879647463560104 0.893339484930038 0.943629175424576 0.835642486810684 0.776010572910309 0.821425229310989 0.795611441135406 0.948116421699524 0.995709091424942 1.07623869180679 1.09320539236069 1.18155825138092
1.60968625545502 1.53992569446564 1.72273749113083 1.95229810476303 2.08264410495758 2.16976130008698 2.04288458824158 1.70550888776779 1.55705767869949 1.44902974367142 1.25140923261642 1.10210573673248 1.05941027402878 1.14551967382431 1.2448645234108 1.29615300893784 1.05251574516296 0.687039613723755 0.67252641916275 0.884473592042923 0.960349023342133 0.927430063486099 1.06015396118164 1.22427123785019 1.23624074459076 1.12696903944016 1.01736629009247 0.869098603725433 0.769386053085327 0.872985005378723 0.760874211788177 0.793097525835037 0.866407185792923 0.96758908033371 0.814625024795532 0.745402008295059 0.736893981695175 0.818319410085678 0.993898421525955 1.16119366884232 1.17673045396805 1.25507986545563 1.37391632795334 1.41577595472336 1.44690018892288
1.37799465656281 1.46204233169556 1.5043888092041 1.71491813659668 1.99946218729019 2.083380818367 1.84927779436111 1.44908803701401 1.13320398330688 1.03679805994034 1.00705105066299 1.00768208503723 0.936978787183762 1.01583868265152 1.21651536226273 1.38481867313385 1.08114391565323 0.641968101263046 0.562741070985794 0.801753222942352 0.970265835523605 0.966432690620422 0.942444324493408 0.910252809524536 0.900044351816177 0.935089886188507 0.969088733196259 0.90361624956131 0.804930150508881 0.846245169639587 0.757967948913574 0.772913247346878 0.961273550987244 1.04682844877243 0.759158879518509 0.848810523748398 0.703959047794342 0.877955377101898 1.06385332345963 1.20040893554688 1.25685125589371 1.31586503982544 1.42669594287872 1.50118458271027 1.47803646326065
1.18689996004105 1.31379991769791 1.31713622808456 1.37163108587265 1.6419939994812 1.63827562332153 1.448870241642 1.23280817270279 1.0229189991951 0.914677023887634 0.973353892564774 0.955198526382446 0.959275990724564 1.04136776924133 1.21525895595551 1.38278889656067 1.07959449291229 0.782884389162064 0.647566229104996 0.763158470392227 0.91023126244545 0.915884494781494 0.863834589719772 0.729498744010925 0.680952161550522 0.820018172264099 0.919391840696335 0.94268411397934 0.947117567062378 0.854046314954758 0.844914555549622 0.810419380664825 0.911147236824036 0.906739056110382 0.801333129405975 0.968356668949127 0.861607939004898 0.862970232963562 1.11809974908829 1.11566078662872 1.17858731746674 1.22123795747757 1.36141431331635 1.3104305267334 1.36714071035385
1.11341363191605 1.25919318199158 1.27918177843094 1.14426124095917 1.24067533016205 1.31241339445114 1.24774980545044 1.24032318592072 1.34332764148712 1.20872205495834 1.14909780025482 1.03134477138519 1.03803038597107 1.10663235187531 1.18578976392746 1.18958926200867 1.04411941766739 0.928040981292725 0.834614038467407 0.801822006702423 0.793423980474472 0.7995785176754 0.796419262886047 0.628283768892288 0.554001122713089 0.738333284854889 0.863001346588135 0.942068755626678 0.963077932596207 0.868458598852158 0.9452103972435 0.916185796260834 0.923087656497955 0.950752884149551 1.01638895273209 1.00669419765472 0.912021487951279 0.937021046876907 1.01953440904617 1.00806188583374 1.05846363306046 1.10906684398651 1.14854902029037 1.24461907148361 1.2641094326973
1.11833757162094 1.19827508926392 1.17894637584686 0.952080428600311 0.975184053182602 1.07479071617126 1.10104942321777 1.33743554353714 1.49292838573456 1.40163695812225 1.24563068151474 0.985802561044693 1.03571546077728 1.19075149297714 1.19473642110825 1.06642603874207 0.968926429748535 0.915086090564728 0.896806627511978 0.882345885038376 0.854333460330963 0.765084356069565 0.747431188821793 0.583692967891693 0.562695682048798 0.600586533546448 0.685585379600525 0.791011869907379 0.860465228557587 0.88706237077713 1.01633965969086 0.986118614673615 1.06147438287735 1.03909581899643 1.20945817232132 1.17259705066681 0.932610392570496 0.774375647306442 0.782931566238403 0.739890366792679 0.726999580860138 0.912099629640579 0.946149170398712 0.997370928525925 0.986663341522217
1.12686675786972 1.25458097457886 1.17613363265991 1.10421895980835 1.12582671642303 1.16351491212845 1.11197358369827 1.245246052742 1.33680331707001 1.36544972658157 1.16229444742203 0.941211462020874 0.95798996090889 1.10708022117615 1.07403349876404 0.902360141277313 0.822754293680191 0.791742205619812 0.842714935541153 0.89548933506012 0.895398288965225 0.80336856842041 0.729213118553162 0.627455174922943 0.646122008562088 0.563935875892639 0.53037241101265 0.638444244861603 0.699984163045883 0.840650498867035 0.884177148342133 1.00897651910782 0.978795766830444 1.05714517831802 1.10765022039413 1.11361038684845 1.04159665107727 0.822293430566788 0.743775725364685 0.664555728435516 0.711364269256592 0.769268721342087 0.791323781013489 0.803678840398788 0.777697831392288
1.00239050388336 1.07438439130783 1.11557102203369 1.19898450374603 1.24900883436203 1.30052030086517 1.23963874578476 1.20078510046005 1.07820385694504 1.08865904808044 0.93867352604866 0.938978791236877 0.839955359697342 0.911591470241547 0.813547432422638 0.704209417104721 0.657404690980911 0.655610680580139 0.713987946510315 0.794909685850143 0.812370777130127 0.781604290008545 0.629600018262863 0.610668569803238 0.711037367582321 0.653905153274536 0.550759136676788 0.619025409221649 0.756442099809647 0.711615711450577 0.868666231632233 0.938365817070007 0.877651989459991 1.02452218532562 1.19022941589355 1.21560925245285 1.1817347407341 0.989332258701324 0.969437569379807 0.887719601392746 0.824986308813095 0.849608272314072 0.833319902420044 0.70594596862793 0.66476172208786
