data/5yravg.2014-2018.wrt_18501900_median.asc
NCOLS 72 
NROWS 36 
XLLCORNER -180 
YLLCORNER -90 
CELLSIZE 5 
NODATA_value -9999 
[rows 0 to 19 of 36, columns 0 to 44 of 72]
3.419309258461000 3.44655776023865 3.47543597221375 3.50080442428589 3.53130555152893 3.55578100681305 3.58079183101654 3.60542917251587 3.62631976604462 3.64710521697998 3.66029620170593 3.67386710643768 3.68684470653534 3.69468224048615 3.6982034444809 3.69504678249359 3.69205462932587 3.68547308444977 3.67913842201233 3.67076933383942 3.65727782249451 3.64010155200958 3.6182667016983 3.59283196926117 3.56248760223389 3.53133320808411 3.50833237171173 3.47100830078125 3.44356060028076 3.40778982639313 3.3703191280365 3.33196973800659 3.30059945583344 3.27589118480682 3.24816036224365 3.23434042930603 3.21644353866577 3.20631587505341 3.1935213804245 3.18371117115021 3.17819881439209 3.17037689685822 3.16658079624176 3.16081976890564 3.1608589887619
2.9808052778244 3.04106485843658 3.11314725875854 3.19381928443909 3.28795289993286 3.39090573787689 3.49685537815094 3.59891426563263 3.70772051811218 3.82211923599243 3.95407068729401 4.07733821868896 4.18248629570007 4.268146276474 4.33484649658203 4.38469409942627 4.40351986885071 4.40558362007141 4.38204646110535 4.33991694450378 4.26211285591125 4.17213535308838 4.06420826911926 3.95365190505981 3.85221552848816 3.74685513973236 3.62301802635193 3.49611163139343 3.37318086624146 3.26214230060577 3.16943693161011 3.08198487758636 3.01690554618835 2.97244679927826 2.94815909862518 2.93465554714203 2.93179655075073 2.94145798683167 2.95105314254761 2.94921863079071 2.94568526744843 2.94278752803802 2.94137418270111 2.94343602657318 2.94319772720337
2.62111687660217 2.66773998737335 2.72162818908691 2.77434003353119 2.83499991893768 2.89237797260284 2.92991471290588 2.97996020317078 3.06388306617737 3.16677510738373 3.2836457490921 3.42262136936188 3.56676077842712 3.71228170394897 3.84361910820007 3.94490826129913 4.0168673992157 4.07119274139404 4.09876775741577 4.06272864341736 3.97061383724213 3.86056447029114 3.74166095256805 3.59500277042389 3.48999321460724 3.40613579750061 3.30224025249481 3.18801939487457 3.07784330844879 2.98722052574158 2.90030264854431 2.81689929962158 2.76690340042114 2.75586044788361 2.78509163856506 2.83880579471588 2.89964985847473 2.9646018743515 3.0402045249939 3.1207549571991 3.16861629486084 3.16119778156281 3.15914905071259 3.19081020355225 3.22716128826141
2.33289265632629 2.30951917171478 2.32349264621735 2.34222781658173 2.3682473897934 2.40087807178497 2.44623649120331 2.52118444442749 2.64157962799072 2.7731705904007 2.91180741786957 3.04011428356171 3.1540060043335 3.24569189548492 3.32106232643127 3.36308717727661 3.37322235107422 3.3752213716507 3.36505568027496 3.35573482513428 3.32147300243378 3.25996911525726 3.21676075458527 3.18055272102356 3.10516846179962 3.02594637870789 2.96670758724213 2.92401504516602 2.89857888221741 2.8971962928772 2.91229331493378 2.92732417583466 2.96997845172882 3.03502702713013 3.14736104011536 3.20953512191772 3.24791967868805 3.33259010314941 3.39859771728516 3.46162533760071 3.53913354873657 3.58800745010376 3.60369503498077 3.6197806596756 3.60981607437134
1.79166597127914 1.85359680652618 1.95441275835037 2.0859180688858 2.24163854122162 2.3984569311142 2.52714681625366 2.61478400230408 2.65932059288025 2.68618524074554 2.73329186439514 2.80325794219971 2.87530016899109 2.96486926078796 3.06814754009247 3.11468207836151 3.10505092144012 3.06849050521851 3.03348791599274 2.99506163597107 2.97657871246338 2.96259617805481 2.95966649055481 2.92086112499237 2.85307562351227 2.79480719566345 2.75572323799133 2.7727712392807 2.88171577453613 2.99105858802795 3.04378366470337 3.10660195350647 3.1957802772522 3.27476382255554 3.38145303726196 3.4865905046463 3.44736921787262 3.46876394748688 3.47815787792206 3.5350067615509 3.53508591651917 3.50469553470612 3.46871650218964 3.49381232261658 3.4989538192749
1.36363464593887 1.61747747659683 1.87413513660431 2.08284747600555 2.2488044500351 2.39879882335663 2.52892732620239 2.60280001163483 2.57053518295288 2.46680843830109 2.36098515987396 2.29100155830383 2.29490900039673 2.40040743350983 2.56656050682068 2.70683753490448 2.79005765914917 2.79254388809204 2.77460205554962 2.7412166595459 2.71172273159027 2.66372394561768 2.61541068553925 2.56831419467926 2.58019316196442 2.56204080581665 2.48583316802979 2.43489897251129 2.47614359855652 2.57207679748535 2.62276768684387 2.61518657207489 2.64616644382477 2.68094801902771 2.66592693328857 2.64289522171021 2.64340221881866 2.64127469062805 2.91907906532288 3.18649971485138 3.15696406364441 2.98943448066711 2.77444767951965 2.65005004405975 2.62372207641602
1.45930987596512 1.78167361021042 1.99090033769608 2.07974290847778 2.10358417034149 2.13828957080841 2.22364461421967 2.30912983417511 2.32302105426788 2.25328350067139 2.15163803100586 2.04862523078918 1.98368668556213 1.99393910169601 2.09874546527863 2.25879812240601 2.41267156600952 2.52596247196198 2.62318122386932 2.69189929962158 2.66922414302826 2.56968569755554 2.46232914924622 2.37552571296692 2.328742146492 2.24928104877472 2.09316790103912 1.88019335269928 1.71893900632858 1.6612354516983 1.66281247138977 1.60455596446991 1.57376176118851 1.58371448516846 1.55193531513214 1.6433122754097 1.72480660676956 1.90798616409302 2.12166845798492 2.30755019187927 2.26443517208099 2.10899424552917 1.90107381343842 1.82793939113617 1.81077605485916
1.76063340902328 2.06431400775909 2.18851101398468 2.18489742279053 2.08364224433899 1.98931074142456 2.01717090606689 2.1177054643631 2.1609160900116 2.15308380126953 2.13578987121582 2.08487951755524 1.99446499347687 1.92233061790466 1.97065085172653 2.11974501609802 2.27677202224731 2.43125259876251 2.58474397659302 2.68217754364014 2.68193709850311 2.58552014827728 2.44654870033264 2.32289588451385 2.21446406841278 2.06639587879181 1.81260204315186 1.51475757360458 1.19739437103271 0.978955030441284 0.938824355602264 0.962817668914795 1.07143115997314 1.05192714929581 1.0856648683548 1.17162352800369 1.12064164876938 1.2631544470787 1.46874362230301 1.60949575901031 1.61329716444016 1.56466913223267 1.56467282772064 1.56922060251236 1.61305636167526
1.87721282243729 2.15466511249542 2.25979435443878 2.20791304111481 2.04342377185822 1.90049749612808 1.88543033599854 1.97882491350174 2.02216112613678 2.03147673606873 2.07139551639557 2.06735289096832 1.96742713451385 1.83822232484818 1.81137472391129 1.89592289924622 2.01566970348358 2.15961968898773 2.32640171051025 2.39612662792206 2.39489769935608 2.33388578891754 2.21314978599548 2.08644354343414 1.97972989082336 1.82887995243073 1.56925845146179 1.32026875019073 1.00563424825668 0.723988920450211 0.643303632736206 0.727610975503922 0.781553626060486 0.829356491565704 0.855646014213562 0.896744936704636 0.793775618076324 0.71404242515564 0.702096402645111 0.843295902013779 1.03874176740646 1.23039269447327 1.3774881362915 1.51461362838745 1.61336535215378
1.66471499204636 1.72691512107849 1.76822626590729 1.72490501403809 1.58011764287949 1.46280837059021 1.49313372373581 1.60530519485474 1.70763343572617 1.81308746337891 1.90077191591263 1.91040074825287 1.8024218082428 1.66499096155167 1.56499534845352 1.58155262470245 1.56070256233215 1.56827628612518 1.72835832834244 1.81383454799652 1.98169767856598 2.02668082714081 1.92742758989334 1.87703281641006 1.80734461545944 1.55053943395615 1.28710615634918 1.2121142745018 1.03397303819656 0.755435913801193 0.619101375341415 0.653748542070389 0.562845051288605 0.594781041145325 0.592393308877945 0.513478726148605 0.502256274223328 0.506161868572235 0.290243297815323 0.395072147250175 0.623274177312851 0.827040165662766 1.12721848487854 1.36071926355362 1.43754637241364
1.34610086679459 1.29182136058807 1.2540420293808 1.16419500112534 1.06911450624466 1.11695605516434 1.31054550409317 1.52542197704315 1.62803310155869 1.70074850320816 1.8008571267128 1.82624787092209 1.66379272937775 1.39132845401764 1.19280910491943 1.25287169218063 1.33607190847397 1.31932234764099 1.47077995538712 1.51750725507736 1.58989971876144 1.59693473577499 1.63284403085709 1.67048341035843 1.63196724653244 1.37965601682663 1.2099711894989 1.24761384725571 1.12606209516525 0.902783662080765 0.731552422046661 0.748702704906464 0.664261549711227 0.573424339294434 0.607163846492767 0.631913661956787 0.63124692440033 0.611799746751785 0.464091509580612 0.374390259385109 0.358614221215248 0.526444643735886 0.762944668531418 0.974930316209793 1.14991813898087
1.4995584487915 1.45274084806442 1.31775373220444 1.19391447305679 1.08543318510056 1.16032093763351 1.43177056312561 1.6940250992775 1.79115414619446 1.79295194149017 1.77999913692474 1.73801761865616 1.64187866449356 1.36435526609421 1.08909970521927 1.20249933004379 1.40082150697708 1.36074888706207 1.32401651144028 1.20572686195374 1.19025814533234 1.27485233545303 1.40925991535187 1.54404848814011 1.52665984630585 1.31458175182343 1.21154516935349 1.19383144378662 1.05058825016022 0.890369236469269 0.856159836053848 0.90925806760788 0.797111600637436 0.842415004968643 0.9632408618927 0.87095382809639 0.756546020507812 0.705128252506256 0.625172972679138 0.423353299498558 0.458915874361992 0.607480466365814 0.790124893188477 0.891771137714386 0.974007368087769
1.67543292045593 1.62310385704041 1.63599401712418 1.72366523742676 1.67159998416901 1.64869004487991 1.73428350687027 1.73545897006989 1.76419281959534 1.60693699121475 1.45727276802063 1.32048124074936 1.3271644115448 1.25892370939255 1.1818476319313 1.14909112453461 1.16502565145493 1.08794021606445 1.01078915596008 0.948757171630859 0.965152114629745 0.998180359601974 1.20756268501282 1.43788826465607 1.44430297613144 1.24577993154526 1.08003044128418 0.949758917093277 0.849238485097885 0.756378173828125 0.777217090129852 0.848092496395111 0.852551400661469 0.748195588588715 0.788385003805161 0.874487459659576 0.750466525554657 0.720640540122986 0.727172315120697 0.697787225246429 0.868090242147446 0.916500240564346 0.994102776050568 1.02364760637283 1.1365607380867
1.52008485794067 1.44352167844772 1.64274752140045 1.87770217657089 1.98999983072281 2.04786038398743 1.93321824073792 1.59818303585052 1.37939804792404 1.27061206102371 1.08707118034363 0.985530287027359 0.970496386289597 1.05955559015274 1.15511929988861 1.19980198144913 0.965689152479172 0.620961040258408 0.610626071691513 0.864127904176712 0.972884118556976 0.92660328745842 1.04033809900284 1.17481178045273 1.1727180480957 1.06760114431381 0.94692325592041 0.776045471429825 0.677701652050018 0.78285413980484 0.656107306480408 0.721963107585907 0.786917358636856 0.87802466750145 0.735237836837769 0.638659864664078 0.668620824813843 0.753190547227859 0.9324831366539 1.09049862623215 1.11811947822571 1.18692141771317 1.31103539466858 1.36915248632431 1.40821063518524
1.29328328371048 1.39618933200836 1.42655044794083 1.63272136449814 1.90087300539017 1.97649192810059 1.74953883886337 1.35620498657227 1.03441935777664 0.909623563289642 0.918734937906265 0.933460384607315 0.851641803979874 0.942879140377045 1.15399104356766 1.31554394960403 1.02505660057068 0.595919162034988 0.521930038928986 0.754244297742844 0.953755348920822 0.950209379196167 0.933027029037476 0.879039466381073 0.847032129764557 0.872324109077454 0.915172159671783 0.840555250644684 0.715060889720917 0.736768960952759 0.673386216163635 0.674254596233368 0.893377989530563 0.981616824865341 0.696007043123245 0.744016766548157 0.629784852266312 0.806424379348755 0.992967635393143 1.13972926139832 1.19740903377533 1.25684481859207 1.36649876832962 1.46185719966888 1.44914889335632
1.12578111886978 1.25257402658463 1.24238526821136 1.30627900362015 1.55794203281403 1.57255750894547 1.39330440759659 1.16840237379074 0.942847579717636 0.846461951732635 0.933403760194778 0.899713546037674 0.892806172370911 0.985539376735687 1.16755777597427 1.32039886713028 1.03197687864304 0.735117703676224 0.610826224088669 0.733567029237747 0.876279324293137 0.884744197130203 0.857983708381653 0.714963495731354 0.636315166950226 0.760960608720779 0.851219415664673 0.864697754383087 0.863296389579773 0.751752376556396 0.737465560436249 0.706374377012253 0.844071239233017 0.833725422620773 0.724196016788483 0.897029221057892 0.789790123701096 0.799928903579712 1.07870072126389 1.06890332698822 1.11474275588989 1.1597638130188 1.29732275009155 1.25255197286606 1.33708828687668
1.05817443132401 1.19191986322403 1.19969016313553 1.06334847211838 1.16592246294022 1.25016808509827 1.21647578477859 1.18589127063751 1.27976363897324 1.15917503833771 1.07643020153046 0.967342168092728 0.978587478399277 1.05522006750107 1.15436482429504 1.16394579410553 1.01106661558151 0.90444803237915 0.832903146743774 0.794185817241669 0.772969096899033 0.785485535860062 0.795965522527695 0.629205733537674 0.514392077922821 0.666176706552505 0.773032546043396 0.850251108407974 0.876929998397827 0.754921406507492 0.847508996725082 0.829058349132538 0.823498249053955 0.894853562116623 0.936773031949997 0.962432831525803 0.886187732219696 0.878155618906021 1.00535893440247 0.958964675664902 1.02332437038422 1.05438697338104 1.08682703971863 1.19765412807465 1.27317464351654
1.04884278774261 1.13263487815857 1.09608978033066 0.856099665164948 0.902498930692673 1.01980632543564 1.07470601797104 1.29236489534378 1.43016988039017 1.34565299749374 1.18635410070419 0.924946010112762 1.02727884054184 1.16652023792267 1.1849747300148 1.08430278301239 0.981193125247955 0.94017881155014 0.925819993019104 0.890785068273544 0.830690830945969 0.751065880060196 0.735326617956161 0.564179480075836 0.54071044921875 0.514028400182724 0.586358785629272 0.713374555110931 0.799224108457565 0.786674290895462 0.950532466173172 0.89399316906929 0.96861457824707 0.956623613834381 1.18399852514267 1.15166908502579 0.964719444513321 0.792670279741287 0.81033593416214 0.768518269062042 0.742412894964218 0.918798446655273 0.933923125267029 0.958366304636002 0.963399022817612
1.03417247533798 1.17689234018326 1.09790658950806 1.00053781270981 1.03195929527283 1.06697112321854 1.02267771959305 1.17914146184921 1.26071643829346 1.29572278261185 1.10074585676193 0.910040587186813 0.952389299869537 1.1173483133316 1.09346967935562 0.935793876647949 0.875485837459564 0.867329925298691 0.912035882472992 0.936495244503021 0.884728282690048 0.79706335067749 0.73233500123024 0.633855164051056 0.617468565702438 0.47871170938015 0.450119018554688 0.572582930326462 0.626104801893234 0.751493722200394 0.822002977132797 0.932217538356781 0.890113919973373 1.00430434942245 1.08853447437286 1.15417629480362 1.07954931259155 0.8823361992836 0.790520131587982 0.740945488214493 0.795875757932663 0.80318620800972 0.808336853981018 0.813342064619064 0.763692587614059
0.919649422168732 1.01419180631638 1.06366884708405 1.11908906698227 1.16026616096497 1.2141540646553 1.12212288379669 1.10174834728241 0.975777834653854 1.02198129892349 0.873335421085358 0.915919810533524 0.826718121767044 0.92847141623497 0.857023537158966 0.770613700151443 0.725946843624115 0.743143320083618 0.805505663156509 0.864280819892883 0.853727579116821 0.809183210134506 0.676202863454819 0.650063216686249 0.692018628120422 0.591846913099289 0.488717749714851 0.558422565460205 0.686880886554718 0.642309486865997 0.783175438642502 0.884555071592331 0.792414456605911 0.940589219331741 1.16637694835663 1.1699116230011 1.16872745752335 0.986835867166519 0.981354176998138 0.934424668550491 0.904113411903381 0.894449263811111 0.868058532476425 0.740709096193314 0.659333467483521
